121223018463 pcu 800-00090-r04 dbid=1090519312 devid=1 256 bytes @ 0x800 xdata - mem read
0x00000800: 00 00 00 00  00 00 00 00  00 00 00 00  00 00 00 00
0x00000810: 00 00 00 00  00 00 00 00  00 00 00 00  00 00 00 00
0x00000820: 00 00 00 00  00 00 00 00  00 00 00 00  00 00 00 00
0x00000830: 00 00 00 00  00 00 00 00  00 00 00 00  00 00 00 00
0x00000840: 00 00 00 00  00 00 00 00  00 00 00 00  00 00 00 00
0x00000850: 00 00 00 00  00 00 00 00  00 00 00 00  00 00 00 00
0x00000860: 00 00 00 00  00 00 00 00  00 00 00 00  00 00 00 00
0x00000870: 00 00 00 00  00 00 00 00  00 00 00 00  00 00 00 00
0x00000880: 00 00 00 00  00 00 00 00  00 00 00 00  00 00 00 00
0x00000890: 00 00 00 00  00 00 00 00  00 00 00 00  00 00 00 00
0x000008a0: 00 00 00 00  00 00 00 00  00 00 00 00  00 00 00 00
0x000008b0: 00 00 00 00  00 00 00 00  00 00 00 00  00 00 00 00
0x000008c0: 00 00 00 00  00 00 00 00  00 00 00 00  00 00 00 00
0x000008d0: 00 00 00 00  00 00 00 00  00 00 00 00  00 00 00 00
0x000008e0: 00 00 00 00  00 00 00 00  00 00 00 00  00 00 00 00
0x000008f0: 00 00 00 00  00 00 00 00  00 00 00 00  00 00 00 00
121223018463 pcu 800-00090-r04 dbid=1090519312 devid=1 256 bytes @ 0x900 xdata - mem read
0x00000900: 00 00 00 00  00 00 00 00  00 00 00 00  00 00 00 00
0x00000910: 00 00 00 00  00 00 00 00  00 00 00 00  00 00 00 00
0x00000920: 00 00 00 00  00 00 00 00  00 00 00 00  00 00 00 00
0x00000930: 00 00 00 00  00 00 00 00  00 00 00 00  00 00 00 00
0x00000940: 00 00 00 00  00 00 00 00  00 00 00 00  00 00 00 00
0x00000950: 00 00 00 00  00 00 00 00  00 00 00 00  00 00 00 00
0x00000960: 00 00 00 00  00 00 00 00  00 00 00 00  00 00 00 00
0x00000970: 00 00 00 00  00 00 00 00  00 00 00 00  00 00 00 00
0x00000980: 00 00 00 00  00 00 00 00  00 00 00 00  00 00 00 00
0x00000990: 00 00 00 00  00 00 00 00  00 00 00 00  00 00 00 00
0x000009a0: 00 00 00 00  00 00 00 00  00 00 00 00  00 00 00 00
0x000009b0: 00 00 00 00  00 00 00 00  00 00 00 00  00 00 00 00
0x000009c0: 00 00 00 00  00 00 00 00  00 00 00 00  00 00 00 00
0x000009d0: 00 00 00 00  00 00 00 00  00 00 00 00  00 00 00 00
0x000009e0: 00 00 00 00  00 00 00 00  00 00 00 00  00 00 00 00
0x000009f0: 00 00 00 00  00 00 00 00  00 00 00 00  00 00 00 00
121223018463 pcu 800-00090-r04 dbid=1090519312 devid=1 256 bytes @ 0xa00 xdata - mem read
0x00000a00: 00 00 00 00  00 00 00 00  00 00 00 00  00 00 00 00
0x00000a10: 00 00 00 00  00 00 00 00  00 00 00 00  00 00 00 00
0x00000a20: 00 00 00 00  00 00 00 00  00 00 00 00  00 00 00 00
0x00000a30: 00 00 00 00  00 00 00 00  00 00 00 00  00 00 00 00
0x00000a40: 00 00 00 00  00 00 00 00  00 00 00 00  00 00 00 00
0x00000a50: 00 00 00 00  00 00 00 00  00 00 00 00  00 00 00 00
0x00000a60: 00 00 00 00  00 00 00 00  00 00 00 00  00 00 00 00
0x00000a70: 00 00 00 00  00 00 00 00  00 00 00 00  00 00 00 00
0x00000a80: 00 00 00 00  00 00 00 00  00 00 00 00  00 00 00 00
0x00000a90: 00 00 00 00  00 00 00 00  00 00 00 00  00 00 00 00
0x00000aa0: 00 00 00 00  00 00 00 00  00 00 00 00  00 00 00 00
0x00000ab0: 00 00 00 00  00 00 00 00  00 00 00 00  00 00 00 00
0x00000ac0: 00 00 00 00  00 00 00 00  00 00 00 00  00 00 00 00
0x00000ad0: 00 00 00 00  00 00 00 00  00 00 00 00  00 00 00 00
0x00000ae0: 00 00 00 00  00 00 00 00  00 00 00 00  00 00 00 00
0x00000af0: 00 00 00 00  00 00 00 00  00 00 00 00  00 00 00 00
121223018463 pcu 800-00090-r04 dbid=1090519312 devid=1 256 bytes @ 0xb00 xdata - mem read
0x00000b00: 00 00 00 00  00 00 00 00  00 00 00 00  00 00 00 00
0x00000b10: 00 00 00 00  00 00 00 00  00 00 00 00  00 00 00 00
0x00000b20: 00 00 00 00  00 00 00 00  00 00 00 00  00 00 00 00
0x00000b30: 00 00 00 00  00 00 00 00  00 00 00 00  00 00 00 00
0x00000b40: 00 00 00 00  00 00 00 00  00 00 00 00  00 00 00 00
0x00000b50: 00 00 00 00  00 00 00 00  00 00 00 00  00 00 00 00
0x00000b60: 00 00 00 00  00 00 00 00  00 00 00 00  00 00 00 00
0x00000b70: 00 00 00 00  00 00 00 00  00 00 00 00  00 00 00 00
0x00000b80: 00 00 00 00  00 00 00 00  00 00 00 00  00 00 00 00
0x00000b90: 00 00 00 00  00 00 00 00  00 00 00 00  00 00 00 00
0x00000ba0: 00 00 00 00  00 00 00 00  00 00 00 00  00 00 00 00
0x00000bb0: 00 00 00 00  00 00 00 00  00 00 00 00  00 00 00 00
0x00000bc0: 00 00 00 00  00 00 00 00  00 00 00 00  00 00 00 00
0x00000bd0: 00 00 00 00  00 00 00 00  00 00 00 00  00 00 00 00
0x00000be0: 00 00 00 00  00 00 00 00  00 00 00 00  00 00 00 00
0x00000bf0: 00 00 00 00  00 00 00 00  00 00 00 00  00 00 00 00
121223018463 pcu 800-00090-r04 dbid=1090519312 devid=1 256 bytes @ 0xc00 xdata - mem read
0x00000c00: 00 00 00 00  00 00 00 00  00 00 00 00  00 00 00 00
0x00000c10: 00 00 00 00  00 00 00 00  00 00 00 00  00 00 00 00
0x00000c20: 00 00 00 00  00 00 00 00  00 00 00 00  00 00 00 00
0x00000c30: 00 00 00 00  00 00 00 00  00 00 00 00  00 00 00 00
0x00000c40: 00 00 00 00  00 00 00 00  00 00 00 00  00 00 00 00
0x00000c50: 00 00 00 00  00 00 00 00  00 00 00 00  00 00 00 00
0x00000c60: 00 00 00 00  00 00 00 00  00 00 00 00  00 00 00 00
0x00000c70: 00 00 00 00  00 00 00 00  00 00 00 00  00 00 00 00
0x00000c80: 00 00 00 00  00 00 00 00  00 00 00 00  00 00 00 00
0x00000c90: 00 00 00 00  00 00 00 00  00 00 00 00  00 00 00 00
0x00000ca0: 00 00 00 00  00 00 00 00  00 00 00 00  00 00 00 00
0x00000cb0: 00 00 00 00  00 00 00 00  00 00 00 00  00 00 00 00
0x00000cc0: 00 00 00 00  00 00 00 00  00 00 00 00  00 00 00 00
0x00000cd0: 00 00 00 00  00 00 00 00  00 00 00 00  00 00 00 00
0x00000ce0: 00 00 00 00  00 00 00 00  00 00 00 00  00 00 00 00
0x00000cf0: 00 00 00 00  00 00 00 00  00 00 00 00  00 00 00 00
121223018463 pcu 800-00090-r04 dbid=1090519312 devid=1 256 bytes @ 0xd00 xdata - mem read
0x00000d00: 00 00 00 00  00 00 00 00  00 00 00 00  00 00 00 00
0x00000d10: 00 00 00 00  00 00 00 00  00 00 00 00  00 00 00 00
0x00000d20: 00 00 00 00  00 00 00 00  00 00 00 00  00 00 00 00
0x00000d30: 00 00 00 00  00 00 00 00  00 00 00 00  00 00 00 00
0x00000d40: 00 00 00 00  00 00 00 00  00 00 00 00  00 00 00 00
0x00000d50: 00 00 00 00  00 00 00 00  00 00 00 00  00 00 00 00
0x00000d60: 00 00 00 00  00 00 00 00  00 00 00 00  00 00 00 00
0x00000d70: 00 00 00 00  00 00 00 00  00 00 00 00  00 00 00 00
0x00000d80: 00 00 00 00  00 00 00 00  00 00 00 00  00 00 00 00
0x00000d90: 00 00 00 00  00 00 00 00  00 00 00 00  00 00 00 00
0x00000da0: 00 00 00 00  00 00 00 00  00 00 00 00  00 00 00 00
0x00000db0: 00 00 00 00  00 00 00 00  00 00 00 00  00 00 00 00
0x00000dc0: 00 00 00 00  00 00 00 00  00 00 00 00  00 00 00 00
0x00000dd0: 00 00 00 00  00 00 00 00  00 00 00 00  00 00 00 00
0x00000de0: 00 00 00 00  00 00 00 00  00 00 00 00  00 00 00 00
0x00000df0: 00 00 00 00  00 00 00 00  00 00 00 00  00 00 00 00
121223018463 pcu 800-00090-r04 dbid=1090519312 devid=1 256 bytes @ 0xe00 xdata - mem read
0x00000e00: 00 00 00 00  00 00 00 00  00 00 00 00  00 00 00 00
0x00000e10: 00 00 00 00  00 00 00 00  00 00 00 00  00 00 00 00
0x00000e20: 00 00 00 00  00 00 00 00  00 00 00 00  00 00 00 00
0x00000e30: 00 00 00 00  00 00 00 00  00 00 00 00  00 00 00 00
0x00000e40: 00 00 00 00  00 00 00 00  00 00 00 00  00 00 00 00
0x00000e50: 00 00 00 00  00 00 00 00  00 00 00 00  00 00 00 00
0x00000e60: 00 00 00 00  00 00 00 00  00 00 00 00  00 00 00 00
0x00000e70: 00 00 00 00  00 00 00 00  00 00 00 00  00 00 00 00
0x00000e80: 00 00 00 00  00 00 00 00  00 00 00 00  00 00 00 00
0x00000e90: 00 00 00 00  00 00 00 00  00 00 00 00  00 00 00 00
0x00000ea0: 00 00 00 00  00 00 00 00  00 00 00 00  00 00 00 00
0x00000eb0: 00 00 00 00  00 00 00 00  00 00 00 00  00 00 00 00
0x00000ec0: 00 00 00 00  00 00 00 00  00 00 00 00  00 00 00 00
0x00000ed0: 00 00 00 00  00 00 00 00  00 00 00 00  00 00 00 00
0x00000ee0: 00 00 00 00  00 00 00 00  00 00 00 00  00 00 00 00
0x00000ef0: 00 00 00 00  00 00 00 00  00 00 00 00  00 00 00 00
121223018463 pcu 800-00090-r04 dbid=1090519312 devid=1 256 bytes @ 0xf00 xdata - mem read
0x00000f00: 00 00 00 00  00 00 00 00  00 00 00 00  00 00 00 00
0x00000f10: 00 00 00 00  00 00 00 00  00 00 00 00  00 00 00 00
0x00000f20: 00 00 00 00  00 00 00 00  00 00 00 00  00 00 00 00
0x00000f30: 00 00 00 00  00 00 00 00  00 00 00 00  00 00 00 00
0x00000f40: 00 00 00 00  00 00 00 00  00 00 00 00  00 00 00 00
0x00000f50: 00 00 00 00  00 00 00 00  00 00 00 00  00 00 00 00
0x00000f60: 00 00 00 00  00 00 00 00  00 00 00 00  00 00 00 00
0x00000f70: 00 00 00 00  00 00 00 00  00 00 00 00  00 00 00 00
0x00000f80: 00 00 00 00  00 00 00 00  00 00 00 00  00 00 00 00
0x00000f90: 00 00 00 00  00 00 00 00  00 00 00 00  00 00 00 00
0x00000fa0: 00 00 00 00  00 00 00 00  00 00 00 00  00 00 00 00
0x00000fb0: 00 00 00 00  00 00 00 00  00 00 00 00  00 00 00 00
0x00000fc0: 00 00 00 00  00 00 00 00  00 00 00 00  00 00 00 00
0x00000fd0: 00 00 00 00  00 00 00 00  00 00 00 00  00 00 00 00
0x00000fe0: 00 00 00 00  00 00 00 00  00 00 00 00  00 00 00 00
0x00000ff0: 00 00 00 00  00 00 00 00  00 00 00 00  00 00 00 00
121223018463 pcu 800-00090-r04 dbid=1090519312 devid=1 128 bytes @ 0x1000 xdata - mem read
0x00001000: 00 00 00 00  00 00 00 00  00 00 00 00  00 00 00 00
0x00001010: 00 00 00 00  00 00 00 00  00 00 00 00  00 00 00 00
0x00001020: 00 00 00 00  00 00 00 00  00 00 00 00  00 00 00 00
0x00001030: 00 00 00 00  00 00 00 00  00 00 00 00  00 00 00 00
0x00001040: 00 00 00 00  00 00 00 00  00 00 00 00  00 00 00 00
0x00001050: 00 00 00 00  00 00 00 00  00 00 00 00  00 00 00 00
0x00001060: 00 00 00 00  00 00 00 00  00 00 00 00  00 00 00 00
0x00001070: 00 00 00 00  00 00 00 00  00 00 00 00  00 00 00 00